version https://git-lfs.github.com/spec/v1
oid sha256:76351c5bfbee9616c6806cd83ad9ea2e681accc5d58f81644713d4ea7693678d
size 153189641
